1.00000 0.16619 0.00000 0.85000 0.15000 50.00000 0.16619 500.00000
2.00000 0.33280 0.00000 1.70000 0.30000 50.00000 0.33280 500.00000
3.00000 0.50024 0.00000 2.56000 0.44000 50.00000 0.50024 500.00000
4.00000 0.66886 0.00000 3.41000 0.59000 50.00000 0.66886 500.00000
5.00000 0.83898 0.00000 4.26000 0.74000 50.00000 0.83898 500.00000
6.00000 1.01091 0.00000 5.12000 0.88000 50.00000 1.01091 500.00000
7.00000 1.18487 0.00000 5.97000 1.03000 50.00000 1.18487 500.00000
8.00000 1.36108 0.00000 6.83000 1.17000 50.00000 1.36108 500.00000
9.00000 1.53971 0.00000 7.69000 1.31000 50.00000 1.53971 500.00000
10.00000 1.72084 0.00000 8.55000 1.45000 50.00000 1.72084 500.00000
11.00000 1.90453 0.00000 9.41000 1.59000 50.00000 1.90453 500.00000
12.00000 2.09077 0.00000 10.27000 1.73000 50.00000 2.09077 500.00000
13.00000 2.27945 0.00000 11.14000 1.86000 50.00000 2.27945 500.00000
14.00000 2.47042 0.00000 12.01000 1.99000 50.00000 2.47042 500.00000
14.00000 2.47042 0.00000 12.01000 1.99000 50.00000 2.47042 500.00000
15.00000 2.66340 0.00000 12.88000 2.12000 50.00000 2.66340 500.00000
16.00000 2.85804 0.00000 13.75000 2.25000 50.00000 2.85804 500.00000
17.00000 3.05389 0.00000 14.63000 2.37000 50.00000 3.05389 500.00000
18.00000 3.25035 0.00000 15.51000 2.49000 50.00000 3.25035 500.00000
19.00000 3.44676 0.00000 16.39000 2.61000 50.00000 3.44676 500.00000
20.00000 3.64228 0.00000 17.27000 2.73000 50.00000 3.64228 500.00000
21.00000 3.83598 0.00000 18.16000 2.84000 50.00000 3.83598 500.00000
22.00000 4.02679 0.00000 19.05000 2.95000 50.00000 4.02679 500.00000
23.00000 4.21351 0.00000 19.95000 3.05000 50.00000 4.21351 500.00000
23.00000 4.21351 0.00000 19.95000 3.05000 50.00000 4.21351 500.00000
24.00000 4.39485 0.00000 20.84000 3.15000 50.00000 4.39485 500.00000
25.00000 4.56939 0.00000 21.75000 3.25000 50.00000 4.56939 500.00000
26.00000 4.73566 0.00000 22.65000 3.35000 50.00000 4.73566 500.00000
26.00000 4.73566 0.00000 22.65000 3.35000 49.00000 4.73566 500.00000
27.00000 4.89210 0.00000 23.56000 3.44000 48.00000 4.89210 500.00000
27.00000 4.89210 0.00000 23.56000 3.44000 49.00000 4.89210 500.00000
27.00000 4.89210 0.00000 23.56000 3.44000 50.00000 4.89210 500.00000
28.00000 5.03713 0.00000 24.48000 3.52000 50.00000 5.03713 500.00000
28.00000 5.03713 0.00000 24.48000 3.52000 49.00000 5.03713 500.00000
29.00000 5.16920 0.00000 25.39000 3.61000 50.00000 5.16920 500.00000
29.00000 5.16920 0.00000 25.39000 3.61000 49.00000 5.16920 500.00000
30.00000 5.28677 0.00000 26.32000 3.68000 50.00000 5.28677 500.00000
30.00000 5.28677 0.00000 26.32000 3.68000 48.00000 5.28677 500.00000
31.00000 5.38843 0.00000 27.24000 3.76000 49.00000 5.38843 500.00000
31.00000 5.38843 0.00000 27.24000 3.76000 50.00000 5.38843 500.00000
31.00000 5.38843 0.00000 27.24000 3.76000 48.00000 5.38843 500.00000
31.00000 5.38843 0.00000 27.24000 3.76000 47.00000 5.38843 500.00000
32.00000 5.47290 0.00000 28.17000 3.83000 50.00000 5.47290 500.00000
32.00000 5.47290 0.00000 28.17000 3.83000 48.00000 5.47290 500.00000
32.00000 5.47290 0.00000 28.17000 3.83000 49.00000 5.47290 500.00000
33.00000 5.53906 0.00000 29.11000 3.89000 46.00000 5.53906 500.00000
33.00000 5.53906 0.00000 29.11000 3.89000 47.00000 5.53906 500.00000
33.00000 5.53906 0.00000 29.11000 3.89000 49.00000 5.53906 500.00000
33.00000 5.53906 0.00000 29.11000 3.89000 50.00000 5.53906 500.00000
34.00000 5.58608 0.00000 30.04000 3.95000 49.00000 5.58608 500.00000
34.00000 5.58608 0.00000 30.04000 3.95000 50.00000 5.58608 500.00000
34.00000 5.58608 0.00000 30.04000 3.95000 50.00000 5.58608 500.00000
34.00000 5.58608 0.00000 30.04000 3.95000 47.00000 5.58608 500.00000
34.00000 5.58608 0.00000 30.04000 3.95000 46.00000 5.58608 500.00000
34.00000 5.58608 0.00000 30.04000 3.95000 48.00000 5.58608 500.00000
35.00000 5.61334 0.00000 30.99000 4.01000 47.00000 5.61334 500.00000
35.00000 5.61334 0.00000 30.99000 4.01000 49.00000 5.61334 500.00000
35.00000 5.61334 0.00000 30.99000 4.01000 46.00000 5.61334 500.00000
35.00000 5.61334 0.00000 30.99000 4.01000 50.00000 5.61334 500.00000
35.00000 5.61334 0.00000 30.99000 4.01000 45.00000 5.61334 500.00000
36.00000 5.62055 0.00000 31.93000 4.06000 44.00000 5.62055 500.00000
36.00000 5.62055 0.00000 31.93000 4.06000 41.00000 5.62055 500.00000
36.00000 5.62055 0.00000 31.93000 4.06000 47.00000 5.62055 500.00000
36.00000 5.62055 0.00000 31.93000 4.06000 42.00000 5.62055 500.00000
36.00000 5.62055 0.00000 31.93000 4.06000 48.00000 5.62055 500.00000
36.00000 5.62055 0.00000 31.93000 4.06000 49.00000 5.62055 500.00000
36.00000 5.62055 0.00000 31.93000 4.06000 50.00000 5.62055 500.00000
37.00000 5.60772 0.00000 32.89000 4.11000 42.00000 5.60772 500.00000
37.00000 5.60772 0.00000 32.89000 4.11000 50.00000 5.60772 500.00000
37.00000 5.60772 0.00000 32.89000 4.11000 46.00000 5.60772 500.00000
37.00000 5.60772 0.00000 32.89000 4.11000 43.00000 5.60772 500.00000
37.00000 5.60772 0.00000 32.89000 4.11000 48.00000 5.60772 500.00000
37.00000 5.60772 0.00000 32.89000 4.11000 49.00000 5.60772 500.00000
37.00000 5.60772 0.00000 32.89000 4.11000 47.00000 5.60772 500.00000
38.00000 5.57515 0.00000 33.84000 4.16000 45.00000 5.57515 500.00000
38.00000 5.57515 0.00000 33.84000 4.16000 49.00000 5.57515 500.00000
38.00000 5.57515 0.00000 33.84000 4.16000 50.00000 5.57515 500.00000
38.00000 5.57515 0.00000 33.84000 4.16000 41.00000 5.57515 500.00000
38.00000 5.57515 0.00000 33.84000 4.16000 46.00000 5.57515 500.00000
38.00000 5.57515 0.00000 33.84000 4.16000 47.00000 5.57515 500.00000
39.00000 5.52338 0.00000 34.80000 4.20000 44.00000 5.52338 500.00000
39.00000 5.52338 0.00000 34.80000 4.20000 38.00000 5.52338 500.00000
39.00000 5.52338 0.00000 34.80000 4.20000 43.00000 5.52338 500.00000
39.00000 5.52338 0.00000 34.80000 4.20000 46.00000 5.52338 500.00000
39.00000 5.52338 0.00000 34.80000 4.20000 49.00000 5.52338 500.00000
39.00000 5.52338 0.00000 34.80000 4.20000 50.00000 5.52338 500.00000
39.00000 5.52338 0.00000 34.80000 4.20000 48.00000 5.52338 500.00000
40.00000 5.45319 0.00000 35.76000 4.24000 46.00000 5.45319 500.00000
40.00000 5.45319 0.00000 35.76000 4.24000 33.00000 5.45319 500.00000
40.00000 5.45319 0.00000 35.76000 4.24000 42.00000 5.45319 500.00000
40.00000 5.45319 0.00000 35.76000 4.24000 49.00000 5.45319 500.00000
40.00000 5.45319 0.00000 35.76000 4.24000 50.00000 5.45319 500.00000
40.00000 5.45319 0.00000 35.76000 4.24000 43.00000 5.45319 500.00000
40.00000 5.45319 0.00000 35.76000 4.24000 36.00000 5.45319 500.00000
41.00000 5.36551 0.00000 36.73000 4.27000 42.00000 5.36551 500.00000
41.00000 5.36551 0.00000 36.73000 4.27000 44.00000 5.36551 500.00000
41.00000 5.36551 0.00000 36.73000 4.27000 46.00000 5.36551 500.00000
41.00000 5.36551 0.00000 36.73000 4.27000 47.00000 5.36551 500.00000
41.00000 5.36551 0.00000 36.73000 4.27000 45.00000 5.36551 500.00000
41.00000 5.36551 0.00000 36.73000 4.27000 49.00000 5.36551 500.00000
41.00000 5.36551 0.00000 36.73000 4.27000 33.00000 5.36551 500.00000
41.00000 5.36551 0.00000 36.73000 4.27000 41.00000 5.36551 500.00000
41.00000 5.36551 0.00000 36.73000 4.27000 34.00000 5.36551 500.00000
41.00000 5.36551 0.00000 36.73000 4.27000 40.00000 5.36551 500.00000
42.00000 5.26140 0.00000 37.70000 4.30000 33.00000 5.26140 500.00000
42.00000 5.26140 0.00000 37.70000 4.30000 36.00000 5.26140 500.00000
42.00000 5.26140 0.00000 37.70000 4.30000 38.00000 5.26140 500.00000
42.00000 5.26140 0.00000 37.70000 4.30000 24.00000 5.26140 500.00000
42.00000 5.26140 0.00000 37.70000 4.30000 41.00000 5.26140 500.00000
42.00000 5.26140 0.00000 37.70000 4.30000 36.00000 5.26140 500.00000
42.00000 5.26140 0.00000 37.70000 4.30000 50.00000 5.26140 500.00000
42.00000 5.26140 0.00000 37.70000 4.30000 42.00000 5.26140 500.00000
42.00000 5.26140 0.00000 37.70000 4.30000 46.00000 5.26140 500.00000
42.00000 5.26140 0.00000 37.70000 4.30000 40.00000 5.26140 500.00000
43.00000 5.14203 0.00000 38.67000 4.33000 48.00000 5.14203 500.00000
43.00000 5.14203 0.00000 38.67000 4.33000 31.00000 5.14203 500.00000
43.00000 5.14203 0.00000 38.67000 4.33000 46.00000 5.14203 500.00000
43.00000 5.14203 0.00000 38.67000 4.33000 43.00000 5.14203 500.00000
43.00000 5.14203 0.00000 38.67000 4.33000 40.00000 5.14203 500.00000
43.00000 5.14203 0.00000 38.67000 4.33000 23.00000 5.14203 500.00000
43.00000 5.14203 0.00000 38.67000 4.33000 50.00000 5.14203 500.00000
43.00000 5.14203 0.00000 38.67000 4.33000 44.00000 5.14203 500.00000
43.00000 5.14203 0.00000 38.67000 4.33000 32.00000 5.14203 500.00000
43.00000 5.14203 0.00000 38.67000 4.33000 38.00000 5.14203 500.00000
44.00000 5.00873 0.00000 39.64000 4.36000 35.00000 5.00873 500.00000
44.00000 5.00873 0.00000 39.64000 4.36000 27.00000 5.00873 500.00000
44.00000 5.00873 0.00000 39.64000 4.36000 20.00000 5.00873 500.00000
44.00000 5.00873 0.00000 39.64000 4.36000 45.00000 5.00873 500.00000
44.00000 5.00873 0.00000 39.64000 4.36000 32.00000 5.00873 500.00000
44.00000 5.00873 0.00000 39.64000 4.36000 22.00000 5.00873 500.00000
44.00000 5.00873 0.00000 39.64000 4.36000 41.00000 5.00873 500.00000
44.00000 5.00873 0.00000 39.64000 4.36000 29.00000 5.00873 500.00000
44.00000 5.00873 0.00000 39.64000 4.36000 38.00000 5.00873 500.00000
44.00000 5.00873 0.00000 39.64000 4.36000 48.00000 5.00873 500.00000
44.00000 5.00873 0.00000 39.64000 4.36000 25.00000 5.00873 500.00000
45.00000 4.86304 0.00000 40.61000 4.39000 33.00000 4.86304 500.00000
45.00000 4.86304 0.00000 40.61000 4.39000 45.00000 4.86304 500.00000
45.00000 4.86304 0.00000 40.61000 4.39000 23.00000 4.86304 500.00000
45.00000 4.86304 0.00000 40.61000 4.39000 26.00000 4.86304 500.00000
45.00000 4.86304 0.00000 40.61000 4.39000 32.00000 4.86304 500.00000
45.00000 4.86304 0.00000 40.61000 4.39000 39.00000 4.86304 500.00000
45.00000 4.86304 0.00000 40.61000 4.39000 27.00000 4.86304 500.00000
45.00000 4.86304 0.00000 40.61000 4.39000 49.00000 4.86304 500.00000
45.00000 4.86304 0.00000 40.61000 4.39000 34.00000 4.86304 500.00000
45.00000 4.86304 0.00000 40.61000 4.39000 19.00000 4.86304 500.00000
45.00000 4.86304 0.00000 40.61000 4.39000 22.00000 4.86304 500.00000
46.00000 4.70670 0.00000 41.59000 4.41000 34.00000 4.70670 500.00000
46.00000 4.70670 0.00000 41.59000 4.41000 44.00000 4.70670 500.00000
46.00000 4.70670 0.00000 41.59000 4.41000 6.00000 4.70670 500.00000
46.00000 4.70670 0.00000 41.59000 4.41000 15.00000 4.70670 500.00000
46.00000 4.70670 0.00000 41.59000 4.41000 0.00000 4.70670 500.00000
46.00000 4.70670 0.00000 41.59000 4.41000 3.00000 4.70670 500.00000
46.00000 4.70670 0.00000 41.59000 4.41000 8.00000 4.70670 500.00000
46.00000 4.70670 0.00000 41.59000 4.41000 28.00000 4.70670 500.00000
47.00000 4.54185 1.93000 40.63000 4.44000 0.00000 4.54185 500.00000
48.00000 4.38314 4.36000 39.13000 4.51000 0.00000 4.38340 502.00000
49.00000 4.23780 5.78000 38.62000 4.60000 0.00000 4.23780 500.00000
50.00000 4.10351 6.99000 38.33000 4.68000 0.00000 4.10351 500.00000
51.00000 3.97717 8.07000 38.16000 4.77000 0.00000 3.97726 502.00000
51.10000 3.96485 8.18000 38.15000 4.78000 0.00000 3.96509 502.00000
51.20000 3.95257 8.28000 38.14000 4.78000 0.00000 3.95298 502.00000
51.30000 3.94034 8.38000 38.13000 4.79000 0.00000 3.94093 502.00000
51.40000 3.92816 8.48000 38.12000 4.80000 0.00000 3.92893 502.00000
51.50000 3.91600 8.58000 38.11000 4.81000 0.00000 3.91697 502.00000
51.60000 3.90389 8.68000 38.10000 4.82000 0.00000 3.90507 502.00000
51.70000 3.89181 8.78000 38.09000 4.82000 0.00000 3.89320 502.00000
51.80000 3.87976 8.88000 38.09000 4.83000 0.00000 3.88138 502.00000
51.90000 3.86774 8.98000 38.08000 4.84000 0.00000 3.86960 502.00000
52.00000 3.85575 9.08000 38.08000 4.85000 0.00000 3.85785 502.00000
52.10000 3.84378 9.18000 38.07000 4.85000 0.00000 3.84613 502.00000
52.20000 3.83183 9.27000 38.07000 4.86000 0.00000 3.83445 502.00000
52.30000 3.81991 9.37000 38.06000 4.87000 0.00000 3.82279 502.00000
52.40000 3.80801 9.46000 38.06000 4.88000 0.00000 3.81116 502.00000
52.50000 3.79612 9.56000 38.06000 4.88000 0.00000 3.79956 502.00000
52.60000 3.78426 9.65000 38.05000 4.89000 0.00000 3.78797 502.00000
52.70000 3.77240 9.75000 38.05000 4.90000 0.00000 3.77640 502.00000
52.80000 3.76057 9.84000 38.05000 4.90000 0.00000 3.76486 502.00000
52.90000 3.74874 9.94000 38.05000 4.91000 0.00000 3.75332 502.00000
53.00000 3.73693 10.03000 38.05000 4.92000 0.00000 3.74181 502.00000
53.10000 3.72512 10.12000 38.05000 4.93000 0.00000 3.73030 502.00000
53.20000 3.71333 10.22000 38.05000 4.93000 0.00000 3.71881 502.00000
53.30000 3.70154 10.31000 38.05000 4.94000 0.00000 3.70732 502.00000
53.40000 3.68977 10.40000 38.05000 4.95000 0.00000 3.69585 502.00000
53.50000 3.67800 10.49000 38.06000 4.95000 0.00000 3.68438 502.00000
53.60000 3.66623 10.58000 38.06000 4.96000 0.00000 3.67291 502.00000
53.70000 3.65447 10.68000 38.06000 4.96000 0.00000 3.66145 502.00000
53.80000 3.64272 10.77000 38.06000 4.97000 0.00000 3.65000 502.00000
53.90000 3.63097 10.86000 38.06000 4.98000 0.00000 3.63855 502.00000
54.00000 3.61922 10.95000 38.07000 4.98000 0.00000 3.62710 502.00000
54.10000 3.60748 11.04000 38.07000 4.99000 0.00000 3.61565 502.00000
54.20000 3.59574 11.13000 38.08000 5.00000 0.00000 3.60420 502.00000
54.30000 3.58400 11.22000 38.08000 5.00000 0.00000 3.59275 502.00000
54.40000 3.57227 11.31000 38.08000 5.01000 0.00000 3.58130 502.00000
54.50000 3.56054 11.40000 38.09000 5.01000 0.00000 3.56984 502.00000
54.50000 3.56054 11.40000 38.09000 5.01000 0.00000 3.56984 502.00000
54.60000 3.54881 11.49000 38.09000 5.02000 0.00000 3.55839 502.00000
54.70000 3.53708 11.58000 38.10000 5.03000 0.00000 3.54693 502.00000
54.80000 3.52536 11.66000 38.10000 5.03000 0.00000 3.53548 502.00000
54.90000 3.51364 11.75000 38.11000 5.04000 0.00000 3.52401 502.00000
55.00000 3.50192 11.84000 38.11000 5.04000 0.00000 3.51255 502.00000
55.10000 3.49020 11.93000 38.12000 5.05000 0.00000 3.50109 502.00000
55.20000 3.47849 12.02000 38.13000 5.06000 0.00000 3.48962 502.00000
55.30000 3.46678 12.11000 38.13000 5.06000 0.00000 3.47815 502.00000
55.40000 3.45507 12.19000 38.14000 5.07000 0.00000 3.46667 502.00000
55.50000 3.44337 12.28000 38.15000 5.07000 0.00000 3.45520 502.00000
55.60000 3.43167 12.37000 38.15000 5.08000 0.00000 3.44372 502.00000
55.70000 3.41998 12.46000 38.16000 5.08000 0.00000 3.43224 502.00000
55.80000 3.40829 12.55000 38.17000 5.09000 0.00000 3.42075 502.00000
55.90000 3.39660 12.63000 38.17000 5.09000 0.00000 3.40927 502.00000
56.00000 3.38493 12.72000 38.18000 5.10000 0.00000 3.39779 502.00000
56.10000 3.37326 12.81000 38.19000 5.10000 0.00000 3.38630 502.00000
56.20000 3.36159 12.89000 38.20000 5.11000 0.00000 3.37482 502.00000
56.20000 3.36159 12.89000 38.20000 5.11000 0.00000 3.37482 502.00000
56.30000 3.34994 12.98000 38.20000 5.11000 0.00000 3.36333 502.00000
56.30000 3.34994 12.98000 38.20000 5.11000 0.00000 3.36333 502.00000
56.40000 3.33829 13.07000 38.21000 5.12000 0.00000 3.35185 502.00000
56.40000 3.33829 13.07000 38.21000 5.12000 0.00000 3.35185 502.00000
56.50000 3.32666 13.16000 38.22000 5.12000 0.00000 3.34037 502.00000
56.50000 3.32666 13.16000 38.22000 5.12000 0.00000 3.34037 502.00000
56.50000 3.32666 13.16000 38.22000 5.12000 0.00000 3.34037 502.00000
56.60000 3.31503 13.24000 38.23000 5.13000 0.00000 3.32889 502.00000
56.60000 3.31503 13.24000 38.23000 5.13000 0.00000 3.32889 502.00000
56.60000 3.31503 13.24000 38.23000 5.13000 0.00000 3.32889 502.00000
56.60000 3.31503 13.24000 38.23000 5.13000 0.00000 3.32889 502.00000
56.60000 3.31503 13.24000 38.23000 5.13000 0.00000 3.32889 502.00000
56.60000 3.31503 13.24000 38.23000 5.13000 0.00000 3.32889 502.00000
56.70000 3.32832 12.37000 10.45000 33.88000 0.00000 3.44699 498.00000
56.80000 3.36369 12.81000 10.53000 33.46000 0.00000 3.48144 498.00000
56.90000 3.39873 13.24000 10.60000 33.06000 0.00000 3.51552 498.00000
57.00000 3.43346 13.66000 10.66000 32.68000 0.00000 3.54919 498.00000
57.10000 3.46790 14.06000 10.71000 32.33000 0.00000 3.58245 498.00000
57.20000 3.50204 14.45000 10.76000 31.99000 0.00000 3.61527 498.00000
57.30000 3.53589 14.84000 10.79000 31.67000 0.00000 3.64763 498.00000
57.40000 3.56943 15.21000 10.82000 31.36000 0.00000 3.67951 498.00000
57.50000 3.60263 15.58000 10.85000 31.07000 0.00000 3.71091 498.00000
57.60000 3.63550 15.94000 10.87000 30.79000 0.00000 3.74180 498.00000
57.70000 3.66800 16.29000 10.89000 30.52000 0.00000 3.77217 498.00000
57.80000 3.70011 16.64000 10.91000 30.26000 0.00000 3.80199 498.00000
57.90000 3.73182 16.98000 10.92000 30.01000 0.00000 3.83126 498.00000
58.00000 3.76309 17.31000 10.93000 29.76000 0.00000 3.85995 498.00000
58.10000 3.79390 17.64000 10.93000 29.53000 0.00000 3.88805 498.00000
58.20000 3.82423 17.96000 10.93000 29.30000 0.00000 3.91555 498.00000
58.30000 3.85406 18.28000 10.94000 29.08000 0.00000 3.94243 498.00000
58.40000 3.88336 18.59000 10.94000 28.87000 0.00000 3.96868 498.00000
58.50000 3.91211 18.90000 10.93000 28.66000 0.00000 3.99428 498.00000
58.60000 3.94030 19.21000 10.93000 28.46000 0.00000 4.01923 498.00000
58.70000 3.96789 19.51000 10.92000 28.26000 0.00000 4.04350 498.00000
58.80000 3.99488 19.81000 10.92000 28.07000 0.00000 4.06710 498.00000
58.90000 4.02123 20.11000 10.91000 27.88000 0.00000 4.09001 498.00000
59.00000 4.04694 20.40000 10.90000 27.70000 0.00000 4.11221 498.00000
59.10000 4.07199 20.69000 10.89000 27.52000 0.00000 4.13372 498.00000
59.20000 4.09637 20.98000 10.88000 27.35000 0.00000 4.15450 498.00000
59.30000 4.12005 21.26000 10.87000 27.18000 0.00000 4.17457 498.00000
59.40000 4.14304 21.54000 10.85000 27.01000 0.00000 4.19391 498.00000
59.40000 4.14304 21.54000 10.85000 27.01000 0.00000 4.19391 498.00000
59.50000 4.16530 21.82000 10.84000 26.84000 0.00000 4.21253 498.00000
59.60000 4.18685 22.10000 10.82000 26.68000 0.00000 4.23041 498.00000
59.70000 4.20766 22.37000 10.81000 26.52000 0.00000 4.24756 498.00000
59.80000 4.22773 22.64000 10.80000 26.36000 0.00000 4.26397 498.00000
59.90000 4.24705 22.91000 10.78000 26.21000 0.00000 4.27965 498.00000
60.00000 4.26562 23.18000 10.76000 26.06000 0.00000 4.29459 498.00000
60.10000 4.28343 23.45000 10.75000 25.91000 0.00000 4.30879 498.00000
60.20000 4.30048 23.71000 10.73000 25.76000 0.00000 4.32227 498.00000
60.30000 4.31677 23.98000 10.71000 25.61000 0.00000 4.33501 498.00000
60.30000 4.31677 23.98000 10.71000 25.61000 0.00000 4.33501 498.00000
60.40000 4.33229 24.24000 10.70000 25.47000 0.00000 4.34703 498.00000
60.50000 4.34705 24.50000 10.68000 25.32000 0.00000 4.35833 498.00000
60.60000 4.36105 24.76000 10.66000 25.18000 0.00000 4.36891 498.00000
60.70000 4.37429 25.01000 10.64000 25.04000 0.00000 4.37878 498.00000
60.80000 4.38677 25.27000 10.62000 24.91000 0.00000 4.38795 498.00000
60.90000 4.39850 25.53000 10.61000 24.77000 0.00000 4.39850 500.00000
61.00000 4.40948 25.78000 10.59000 24.63000 0.00000 4.40948 500.00000
61.10000 4.41972 26.03000 10.57000 24.50000 0.00000 4.41972 500.00000
61.20000 4.42922 26.28000 10.55000 24.37000 0.00000 4.42922 500.00000
61.30000 4.43799 26.53000 10.53000 24.24000 0.00000 4.43799 500.00000
61.40000 4.44603 26.78000 10.51000 24.10000 0.00000 4.44603 500.00000
61.50000 4.45336 27.03000 10.50000 23.97000 0.00000 4.45336 500.00000
61.60000 4.45998 27.28000 10.48000 23.85000 0.00000 4.45998 500.00000
61.70000 4.46589 27.52000 10.46000 23.72000 0.00000 4.46589 500.00000
61.80000 4.47111 27.77000 10.44000 23.59000 0.00000 4.47111 500.00000
61.90000 4.47564 28.01000 10.42000 23.47000 0.00000 4.47564 500.00000
62.00000 4.47948 28.25000 10.41000 23.34000 0.00000 4.47948 500.00000
62.10000 4.48265 28.49000 10.39000 23.22000 0.00000 4.48265 500.00000
62.20000 4.48515 28.73000 10.37000 23.09000 0.00000 4.48515 500.00000
62.20000 4.48515 28.73000 10.37000 23.09000 0.00000 4.48515 500.00000
62.30000 4.48698 28.97000 10.36000 22.97000 0.00000 4.48698 500.00000
62.40000 4.48815 29.21000 10.34000 22.85000 0.00000 4.48815 500.00000
62.50000 4.48866 29.44000 10.33000 22.73000 0.00000 4.48866 500.00000
62.60000 4.48852 29.68000 10.31000 22.61000 0.00000 4.48852 500.00000
62.70000 4.48774 29.91000 10.30000 22.49000 0.00000 4.48774 500.00000
62.80000 4.48630 30.14000 10.29000 22.37000 0.00000 4.48630 500.00000
62.90000 4.48423 30.37000 10.28000 22.25000 0.00000 4.48423 500.00000
63.00000 4.48151 30.60000 10.26000 22.13000 0.00000 4.48151 500.00000
63.10000 4.47816 30.83000 10.25000 22.02000 0.00000 4.47816 500.00000
63.20000 4.47419 31.05000 10.24000 21.90000 0.00000 4.47419 500.00000
63.30000 4.46959 31.28000 10.24000 21.79000 0.00000 4.46959 500.00000
63.40000 4.46438 31.50000 10.23000 21.67000 0.00000 4.46438 500.00000
63.50000 4.45856 31.72000 10.22000 21.56000 0.00000 4.45856 500.00000
63.60000 4.45214 31.94000 10.21000 21.44000 0.00000 4.45214 500.00000
63.70000 4.44513 32.16000 10.21000 21.33000 0.00000 4.44513 500.00000
63.80000 4.43754 32.38000 10.20000 21.22000 0.00000 4.43754 500.00000
63.90000 4.42938 32.60000 10.20000 21.11000 0.00000 4.42938 500.00000
64.00000 4.42066 32.81000 10.19000 21.00000 0.00000 4.42066 500.00000
64.10000 4.41141 33.02000 10.19000 20.89000 0.00000 4.41141 500.00000
64.20000 4.40162 33.24000 10.19000 20.78000 0.00000 4.40162 500.00000
64.30000 4.39132 33.45000 10.19000 20.67000 0.00000 4.39132 500.00000
64.40000 4.38053 33.66000 10.18000 20.56000 0.00000 4.38053 500.00000
64.50000 4.36925 33.87000 10.18000 20.45000 0.00000 4.36925 500.00000
64.60000 4.35751 34.08000 10.18000 20.34000 0.00000 4.35751 500.00000
64.70000 4.34532 34.28000 10.18000 20.23000 0.00000 4.34532 500.00000
64.80000 4.33271 34.49000 10.19000 20.12000 0.00000 4.33271 500.00000
64.90000 4.31968 34.70000 10.19000 20.02000 0.00000 4.31968 500.00000
65.00000 4.30626 34.90000 10.19000 19.91000 0.00000 4.30626 500.00000
65.10000 4.29247 35.10000 10.19000 19.80000 0.00000 4.29247 500.00000
65.20000 4.27832 35.31000 10.20000 19.70000 0.00000 4.27832 500.00000
65.30000 4.26384 35.51000 10.20000 19.59000 0.00000 4.26384 500.00000
65.40000 4.24903 35.71000 10.21000 19.49000 0.00000 4.24903 500.00000
65.50000 4.23393 35.91000 10.21000 19.38000 0.00000 4.23393 500.00000
65.60000 4.21854 36.10000 10.22000 19.28000 0.00000 4.21854 500.00000
65.70000 4.20288 36.30000 10.22000 19.18000 0.00000 4.20288 500.00000
65.80000 4.18698 36.50000 10.23000 19.07000 0.00000 4.18698 500.00000
65.90000 4.17085 36.69000 10.24000 18.97000 0.00000 4.17085 500.00000
66.00000 4.15450 36.89000 10.25000 18.87000 0.00000 4.15450 500.00000
66.10000 4.13796 37.08000 10.26000 18.76000 0.00000 4.13796 500.00000
66.20000 4.12123 37.27000 10.27000 18.66000 0.00000 4.12123 500.00000
66.30000 4.10434 37.46000 10.28000 18.56000 0.00000 4.10434 500.00000
66.40000 4.08730 37.65000 10.29000 18.46000 0.00000 4.08730 500.00000
66.50000 4.07012 37.84000 10.30000 18.36000 0.00000 4.07012 500.00000
66.60000 4.05282 38.03000 10.31000 18.26000 0.00000 4.05282 500.00000
66.70000 4.03541 38.21000 10.32000 18.16000 0.00000 4.03541 500.00000
66.80000 4.01791 38.40000 10.33000 18.06000 0.00000 4.01791 500.00000
66.90000 4.00033 38.58000 10.35000 17.97000 0.00000 4.00033 500.00000
67.00000 3.98267 38.77000 10.36000 17.87000 0.00000 3.98267 500.00000
67.10000 3.96496 38.95000 10.38000 17.77000 0.00000 3.96496 500.00000
67.20000 3.94720 39.13000 10.39000 17.68000 0.00000 3.94720 500.00000
67.20000 3.94720 39.13000 10.39000 17.68000 0.00000 3.94720 500.00000
67.30000 3.92941 39.31000 10.41000 17.58000 0.00000 3.92941 500.00000
67.40000 3.91160 39.49000 10.43000 17.49000 0.00000 3.91160 500.00000
67.50000 3.89377 39.66000 10.44000 17.39000 0.00000 3.89377 500.00000
67.60000 3.87594 39.84000 10.46000 17.30000 0.00000 3.87594 500.00000
67.70000 3.85811 40.01000 10.48000 17.21000 0.00000 3.85811 500.00000
67.80000 3.84030 40.18000 10.50000 17.12000 0.00000 3.84030 500.00000
67.90000 3.82252 40.35000 10.52000 17.02000 0.00000 3.82252 500.00000
68.00000 3.80477 40.52000 10.54000 16.93000 0.00000 3.80477 500.00000
68.10000 3.78705 40.69000 10.57000 16.84000 0.00000 3.78705 500.00000
68.20000 3.76939 40.86000 10.59000 16.75000 0.00000 3.76939 500.00000
68.30000 3.75179 41.02000 10.61000 16.67000 0.00000 3.75179 500.00000
68.40000 3.73425 41.18000 10.64000 16.58000 0.00000 3.73425 500.00000
68.50000 3.71677 41.35000 10.66000 16.49000 0.00000 3.71677 500.00000
68.60000 3.69938 41.51000 10.69000 16.41000 0.00000 3.69938 500.00000
68.70000 3.68207 41.66000 10.71000 16.32000 0.00000 3.68207 500.00000
68.80000 3.66486 41.82000 10.74000 16.24000 0.00000 3.66486 500.00000
68.90000 3.64773 41.97000 10.77000 16.16000 0.00000 3.64773 500.00000
69.00000 3.63072 42.13000 10.80000 16.08000 0.00000 3.63072 500.00000
69.10000 3.61381 42.28000 10.83000 15.99000 0.00000 3.61381 500.00000
69.20000 3.59701 42.42000 10.86000 15.92000 0.00000 3.59701 500.00000
69.30000 3.58034 42.57000 10.89000 15.84000 0.00000 3.58034 500.00000
69.40000 3.56379 42.71000 10.93000 15.76000 0.00000 3.56379 500.00000
69.50000 3.54737 42.86000 10.96000 15.68000 0.00000 3.54737 500.00000
69.60000 3.53109 43.00000 10.99000 15.61000 0.00000 3.53109 500.00000
69.70000 3.51495 43.13000 11.03000 15.54000 0.00000 3.51495 500.00000
69.80000 3.49896 43.27000 11.07000 15.47000 0.00000 3.49896 500.00000
69.90000 3.48312 43.40000 11.11000 15.40000 0.00000 3.48312 500.00000
70.00000 3.46745 43.53000 11.15000 15.33000 0.00000 3.46745 500.00000
70.10000 3.45193 43.65000 11.19000 15.26000 0.00000 3.45193 500.00000
70.20000 3.43660 43.77000 11.23000 15.19000 0.00000 3.43660 500.00000
70.30000 3.42144 43.89000 11.28000 15.13000 0.00000 3.42144 500.00000
70.40000 3.40647 44.00000 11.32000 15.07000 0.00000 3.40647 500.00000
70.50000 3.39170 44.12000 11.37000 15.01000 0.00000 3.39170 500.00000
70.60000 3.37713 44.22000 11.42000 14.96000 0.00000 3.37713 500.00000
70.70000 3.36278 44.32000 11.48000 14.90000 0.00000 3.36278 500.00000
70.80000 3.34866 44.42000 11.53000 14.85000 0.00000 3.34866 500.00000
70.90000 3.33477 44.51000 11.59000 14.80000 0.00000 3.33477 500.00000
71.00000 3.32113 44.60000 11.64000 14.75000 0.00000 3.32113 500.00000
71.10000 3.30775 44.69000 11.70000 14.71000 0.00000 3.30775 500.00000
71.20000 3.29465 44.77000 11.76000 14.66000 0.00000 3.29465 500.00000
71.30000 3.28182 44.85000 11.83000 14.62000 0.00000 3.28182 500.00000
71.40000 3.26929 44.93000 11.89000 14.58000 0.00000 3.26929 500.00000
71.50000 3.25704 45.01000 11.95000 14.54000 0.00000 3.25704 500.00000
71.50000 3.25704 45.01000 11.95000 14.54000 0.00000 3.25704 500.00000
71.60000 3.24509 45.09000 12.01000 14.50000 0.00000 3.24509 500.00000
71.70000 3.23344 45.18000 12.07000 14.46000 0.00000 3.23344 500.00000
71.80000 3.22208 45.26000 12.13000 14.41000 0.00000 3.22208 500.00000
71.90000 3.21102 45.34000 12.19000 14.37000 0.00000 3.21102 500.00000
72.00000 3.20024 45.43000 12.24000 14.33000 0.00000 3.20024 500.00000
72.10000 3.18975 45.51000 12.30000 14.29000 0.00000 3.18975 500.00000
72.20000 3.17953 45.60000 12.35000 14.24000 0.00000 3.17953 500.00000
72.20000 3.17953 45.60000 12.35000 14.24000 0.00000 3.17953 500.00000
72.30000 3.16959 45.69000 12.41000 14.20000 0.00000 3.16959 500.00000
72.40000 3.15992 45.78000 12.46000 14.15000 0.00000 3.15992 500.00000
72.50000 3.15051 45.88000 12.52000 14.11000 0.00000 3.15051 500.00000
72.60000 3.14136 45.97000 12.57000 14.06000 0.00000 3.14136 500.00000
72.70000 3.13246 46.06000 12.62000 14.02000 0.00000 3.13246 500.00000
72.80000 3.12381 46.16000 12.67000 13.97000 0.00000 3.12381 500.00000
72.90000 3.11540 46.25000 12.72000 13.93000 0.00000 3.11540 500.00000
73.00000 3.10722 46.35000 12.77000 13.88000 0.00000 3.10722 500.00000
73.10000 3.09928 46.44000 12.82000 13.84000 0.00000 3.09928 500.00000
73.20000 3.09156 46.54000 12.87000 13.79000 0.00000 3.09156 500.00000
73.30000 3.08407 46.64000 12.92000 13.75000 0.00000 3.08407 500.00000
73.40000 3.07680 46.73000 12.97000 13.70000 0.00000 3.07680 500.00000
73.50000 3.06974 46.83000 13.01000 13.65000 0.00000 3.06974 500.00000
73.50000 3.06974 46.83000 13.01000 13.65000 0.00000 3.06974 500.00000
73.60000 3.06289 46.93000 13.06000 13.61000 0.00000 3.06289 500.00000
73.70000 3.05624 47.03000 13.11000 13.56000 0.00000 3.05624 500.00000
73.80000 3.04980 47.13000 13.16000 13.52000 0.00000 3.04980 500.00000
73.90000 3.04355 47.23000 13.20000 13.47000 0.00000 3.04355 500.00000
74.00000 3.03750 47.32000 13.25000 13.42000 0.00000 3.03750 500.00000
74.10000 3.03163 47.42000 13.30000 13.38000 0.00000 3.03163 500.00000
74.20000 3.02596 47.52000 13.35000 13.33000 0.00000 3.02596 500.00000
74.30000 3.02046 47.62000 13.39000 13.29000 0.00000 3.02046 500.00000
74.40000 3.01515 47.72000 13.44000 13.24000 0.00000 3.01515 500.00000
74.50000 3.01001 47.82000 13.49000 13.20000 0.00000 3.01001 500.00000
74.60000 3.00505 47.92000 13.53000 13.15000 0.00000 3.00505 500.00000
74.60000 3.00505 47.92000 13.53000 13.15000 0.00000 3.00505 500.00000
74.70000 3.00025 48.01000 13.58000 13.11000 0.00000 3.00025 500.00000
74.80000 2.99562 48.11000 13.63000 13.06000 0.00000 2.99562 500.00000
74.90000 2.99116 48.21000 13.67000 13.02000 0.00000 2.99116 500.00000
75.00000 2.98686 48.31000 13.72000 12.97000 0.00000 2.98686 500.00000
75.10000 2.98271 48.41000 13.77000 12.93000 0.00000 2.98271 500.00000
75.20000 2.97872 48.50000 13.81000 12.88000 0.00000 2.97872 500.00000
75.30000 2.97488 48.60000 13.86000 12.84000 0.00000 2.97488 500.00000
75.40000 2.97119 48.70000 13.91000 12.79000 0.00000 2.97119 500.00000
75.50000 2.96765 48.80000 13.95000 12.75000 0.00000 2.96765 500.00000
75.60000 2.96425 48.89000 14.00000 12.71000 0.00000 2.96425 500.00000
75.70000 2.96099 48.99000 14.05000 12.66000 0.00000 2.96099 500.00000
75.80000 2.95788 49.09000 14.09000 12.62000 0.00000 2.95788 500.00000
75.90000 2.95490 49.18000 14.14000 12.57000 0.00000 2.95490 500.00000
76.00000 2.95205 49.28000 14.19000 12.53000 0.00000 2.95205 500.00000
76.10000 2.94934 49.38000 14.24000 12.49000 0.00000 2.94934 500.00000
76.20000 2.94675 49.47000 14.28000 12.45000 0.00000 2.94675 500.00000
76.30000 2.94430 49.57000 14.33000 12.40000 0.00000 2.94430 500.00000
76.40000 2.94197 49.66000 14.38000 12.36000 0.00000 2.94197 500.00000
76.50000 2.93976 49.76000 14.42000 12.32000 0.00000 2.93976 500.00000
76.60000 2.93767 49.85000 14.47000 12.28000 0.00000 2.93767 500.00000
76.70000 2.93570 49.95000 14.52000 12.23000 0.00000 2.93570 500.00000
76.80000 2.93385 50.04000 14.57000 12.19000 0.00000 2.93385 500.00000
76.80000 2.93385 50.04000 14.57000 12.19000 0.00000 2.93385 500.00000
76.90000 2.93211 50.13000 14.62000 12.15000 0.00000 2.93211 500.00000
77.00000 2.93049 50.23000 14.66000 12.11000 0.00000 2.93049 500.00000
77.10000 2.92897 50.32000 14.71000 12.07000 0.00000 2.92897 500.00000
77.20000 2.92756 50.41000 14.76000 12.03000 0.00000 2.92756 500.00000
77.30000 2.92626 50.51000 14.81000 11.98000 0.00000 2.92626 500.00000
77.40000 2.92507 50.60000 14.86000 11.94000 0.00000 2.92507 500.00000
77.50000 2.92397 50.69000 14.91000 11.90000 0.00000 2.92397 500.00000
77.60000 2.92298 50.78000 14.95000 11.86000 0.00000 2.92298 500.00000
77.70000 2.92209 50.87000 15.00000 11.82000 0.00000 2.92209 500.00000
77.80000 2.92129 50.97000 15.05000 11.78000 0.00000 2.92129 500.00000
77.90000 2.92059 51.06000 15.10000 11.74000 0.00000 2.92059 500.00000
78.00000 2.91998 51.15000 15.15000 11.70000 0.00000 2.91998 500.00000
78.10000 2.91946 51.24000 15.20000 11.66000 0.00000 2.91946 500.00000
78.20000 2.91903 51.33000 15.25000 11.62000 0.00000 2.91903 500.00000
78.30000 2.91869 51.42000 15.30000 11.58000 0.00000 2.91869 500.00000
78.40000 2.91844 51.51000 15.35000 11.54000 0.00000 2.91844 500.00000
78.50000 2.91827 51.59000 15.40000 11.51000 0.00000 2.91827 500.00000
78.60000 2.91819 51.68000 15.45000 11.47000 0.00000 2.91819 500.00000
78.70000 2.91818 51.77000 15.50000 11.43000 0.00000 2.91818 500.00000
78.80000 2.91826 51.86000 15.55000 11.39000 0.00000 2.91826 500.00000
78.90000 2.91841 51.95000 15.60000 11.35000 0.00000 2.91841 500.00000
79.00000 2.91864 52.03000 15.65000 11.31000 0.00000 2.91864 500.00000
79.10000 2.91894 52.12000 15.70000 11.28000 0.00000 2.91894 500.00000
79.20000 2.91932 52.21000 15.75000 11.24000 0.00000 2.91932 500.00000
79.30000 2.91976 52.29000 15.81000 11.20000 0.00000 2.91976 500.00000
79.40000 2.92028 52.38000 15.86000 11.16000 0.00000 2.92028 500.00000
79.50000 2.92087 52.46000 15.91000 11.13000 0.00000 2.92087 500.00000
79.60000 2.92152 52.55000 15.96000 11.09000 0.00000 2.92152 500.00000
79.70000 2.92223 52.63000 16.01000 11.05000 0.00000 2.92223 500.00000
79.80000 2.92301 52.72000 16.06000 11.02000 0.00000 2.92301 500.00000
79.90000 2.92386 52.80000 16.12000 10.98000 0.00000 2.92386 500.00000
80.00000 2.92476 52.89000 16.17000 10.94000 0.00000 2.92476 500.00000
80.10000 2.92572 52.97000 16.22000 10.91000 0.00000 2.92572 500.00000
80.20000 2.92674 53.05000 16.28000 10.87000 0.00000 2.92674 500.00000
80.30000 2.92781 53.13000 16.33000 10.84000 0.00000 2.92781 500.00000
80.40000 2.92894 53.22000 16.38000 10.80000 0.00000 2.92894 500.00000
80.50000 2.93012 53.30000 16.44000 10.77000 0.00000 2.93012 500.00000
80.60000 2.93136 53.38000 16.49000 10.73000 0.00000 2.93136 500.00000
80.60000 2.83518 5.31000 7.70000 67.59000 0.00000 3.12143 496.00000
80.70000 2.93264 53.46000 16.54000 10.70000 0.00000 2.93264 500.00000
80.70000 2.89501 5.30000 7.76000 67.65000 0.00000 3.12548 498.00000
80.80000 2.95172 5.28000 7.82000 67.70000 0.00000 3.14164 498.00000
80.90000 3.00375 5.27000 7.88000 67.75000 0.00000 3.14635 498.00000
81.00000 3.04950 5.27000 7.94000 67.79000 0.00000 3.13943 498.00000
81.10000 3.08741 5.26000 8.01000 67.82000 0.00000 3.12117 498.00000
81.20000 3.11608 5.26000 8.08000 67.86000 0.00000 3.11608 500.00000
81.30000 3.13438 5.27000 8.15000 67.89000 0.00000 3.13438 500.00000
81.40000 3.14156 5.27000 8.22000 67.91000 0.00000 3.14156 500.00000
81.50000 3.13731 5.28000 8.29000 67.94000 0.00000 3.13731 500.00000
81.60000 3.12182 5.28000 8.36000 67.96000 0.00000 3.12182 500.00000
81.70000 3.09568 5.29000 8.43000 67.98000 0.00000 3.14402 502.00000
81.80000 3.05991 5.30000 8.50000 68.00000 0.00000 3.16558 502.00000
81.90000 3.01580 5.31000 8.57000 68.02000 0.00000 3.17519 502.00000
82.00000 2.96481 5.32000 8.64000 68.03000 0.00000 3.17244 502.00000
82.10000 2.95506 54.56000 17.32000 10.22000 0.00000 2.95506 500.00000
82.10000 2.90848 5.34000 8.72000 68.05000 0.00000 3.15746 502.00000
82.20000 2.95693 54.63000 17.38000 10.19000 0.00000 2.95693 500.00000
82.20000 2.84830 5.35000 8.79000 68.06000 0.00000 3.17070 504.00000
82.30000 2.95882 54.71000 17.43000 10.16000 0.00000 2.95882 500.00000
82.30000 2.78568 5.37000 8.86000 68.07000 0.00000 3.19639 504.00000
82.40000 2.96074 54.78000 17.49000 10.13000 0.00000 2.96074 500.00000
82.50000 2.96268 54.86000 17.55000 10.09000 0.00000 2.96268 500.00000
82.50000 2.96268 54.86000 17.55000 10.09000 0.00000 2.96268 500.00000
82.60000 2.96465 54.93000 17.61000 10.06000 0.00000 2.96465 500.00000
82.60000 2.96465 54.93000 17.61000 10.06000 0.00000 2.96465 500.00000
82.70000 2.96664 55.01000 17.66000 10.03000 0.00000 2.96664 500.00000
82.70000 2.96664 55.01000 17.66000 10.03000 0.00000 2.96664 500.00000
82.80000 2.96866 55.08000 17.72000 10.00000 0.00000 2.96866 500.00000
82.80000 2.96866 55.08000 17.72000 10.00000 0.00000 2.96866 500.00000
82.80000 2.96866 55.08000 17.72000 10.00000 0.00000 2.96866 500.00000
82.80000 2.96866 55.08000 17.72000 10.00000 0.00000 2.96866 500.00000
82.80000 2.96866 55.08000 17.72000 10.00000 0.00000 2.96866 500.00000
82.90000 2.97069 55.15000 17.78000 9.97000 0.00000 2.97069 500.00000
82.90000 2.97069 55.15000 17.78000 9.97000 0.00000 2.97069 500.00000
82.90000 2.97069 55.15000 17.78000 9.97000 0.00000 2.97069 500.00000
82.90000 2.97069 55.15000 17.78000 9.97000 0.00000 2.97069 500.00000
82.90000 2.97069 55.15000 17.78000 9.97000 0.00000 2.97069 500.00000
82.90000 2.97069 55.15000 17.78000 9.97000 0.00000 2.97069 500.00000
83.00000 2.97274 55.22000 17.84000 9.94000 0.00000 2.97274 500.00000
83.00000 2.97274 55.22000 17.84000 9.94000 0.00000 2.97274 500.00000
83.00000 2.97274 55.22000 17.84000 9.94000 0.00000 2.97274 500.00000
83.10000 2.97481 55.30000 17.90000 9.91000 0.00000 2.97481 500.00000
83.10000 2.97481 55.30000 17.90000 9.91000 0.00000 2.97481 500.00000
83.10000 2.97481 55.30000 17.90000 9.91000 0.00000 2.97481 500.00000
83.20000 2.97690 55.37000 17.96000 9.87000 0.00000 2.97690 500.00000
83.30000 2.97900 55.44000 18.02000 9.84000 0.00000 2.97900 500.00000
83.40000 2.98111 55.51000 18.07000 9.81000 0.00000 2.98111 500.00000
83.50000 2.98324 55.58000 18.13000 9.78000 0.00000 2.98324 500.00000
83.60000 2.98538 55.65000 18.19000 9.75000 0.00000 2.98538 500.00000
83.70000 2.98753 55.72000 18.25000 9.72000 0.00000 2.98753 500.00000
83.80000 2.98969 55.79000 18.31000 9.69000 0.00000 2.98969 500.00000
83.90000 2.99186 55.86000 18.37000 9.66000 0.00000 2.99186 500.00000
84.00000 2.99403 55.93000 18.44000 9.63000 0.00000 2.99403 500.00000
84.00000 2.99403 55.93000 18.44000 9.63000 0.00000 2.99403 500.00000
84.10000 2.99622 56.00000 18.50000 9.60000 0.00000 2.99622 500.00000
84.20000 2.99840 56.07000 18.56000 9.58000 0.00000 2.99840 500.00000
84.30000 3.00059 56.14000 18.62000 9.55000 0.00000 3.00059 500.00000
84.40000 3.00278 56.20000 18.68000 9.52000 0.00000 3.00278 500.00000
84.40000 3.00278 56.20000 18.68000 9.52000 0.00000 3.00278 500.00000
84.50000 3.00497 56.27000 18.74000 9.49000 0.00000 3.00497 500.00000
84.60000 3.00716 56.34000 18.80000 9.46000 0.00000 3.00716 500.00000
84.60000 3.00716 56.34000 18.80000 9.46000 0.00000 3.00716 500.00000
84.70000 3.00936 56.40000 18.87000 9.43000 0.00000 3.00936 500.00000
84.80000 3.01155 56.47000 18.93000 9.40000 0.00000 3.01155 500.00000
84.90000 3.01373 56.53000 18.99000 9.37000 0.00000 3.01373 500.00000
85.00000 3.01591 56.60000 19.05000 9.35000 0.00000 3.01591 500.00000
85.10000 3.01809 56.66000 19.12000 9.32000 0.00000 3.01809 500.00000
85.20000 3.02026 56.73000 19.18000 9.29000 0.00000 3.02026 500.00000
85.30000 3.02243 56.79000 19.24000 9.26000 0.00000 3.02243 500.00000
85.40000 3.02458 56.86000 19.31000 9.24000 0.00000 3.02458 500.00000
85.50000 3.02673 56.92000 19.37000 9.21000 0.00000 3.02673 500.00000
85.60000 3.02886 56.98000 19.44000 9.18000 0.00000 3.02886 500.00000
85.70000 3.03099 57.05000 19.50000 9.15000 0.00000 3.03099 500.00000
85.80000 3.03310 57.11000 19.56000 9.13000 0.00000 3.03310 500.00000
85.90000 3.03520 57.17000 19.63000 9.10000 0.00000 3.03520 500.00000
86.00000 3.03728 57.23000 19.69000 9.07000 0.00000 3.03728 500.00000
86.00000 3.03728 57.23000 19.69000 9.07000 0.00000 3.03728 500.00000
86.10000 3.03935 57.29000 19.76000 9.05000 0.00000 3.03935 500.00000
86.20000 3.04141 57.35000 19.82000 9.02000 0.00000 3.04141 500.00000
86.30000 3.04345 57.41000 19.89000 9.00000 0.00000 3.04345 500.00000
86.40000 3.04546 57.47000 19.96000 8.97000 0.00000 3.04546 500.00000
86.40000 3.04546 57.47000 19.96000 8.97000 0.00000 3.04546 500.00000
86.50000 3.04746 57.53000 20.02000 8.94000 0.00000 3.04746 500.00000
86.60000 3.04945 57.59000 20.09000 8.92000 0.00000 3.04945 500.00000
86.70000 3.05141 57.65000 20.16000 8.89000 0.00000 3.05141 500.00000
86.70000 3.05141 57.65000 20.16000 8.89000 0.00000 3.05141 500.00000
86.80000 3.05334 57.71000 20.22000 8.87000 0.00000 3.05334 500.00000
86.90000 3.05526 57.77000 20.29000 8.84000 0.00000 3.05526 500.00000
87.00000 3.05715 57.83000 20.36000 8.82000 0.00000 3.05715 500.00000
87.10000 3.05902 57.89000 20.42000 8.79000 0.00000 3.05902 500.00000
87.20000 3.06087 57.94000 20.49000 8.77000 0.00000 3.06087 500.00000
87.30000 3.06269 58.00000 20.56000 8.74000 0.00000 3.06269 500.00000
87.40000 3.06448 58.06000 20.63000 8.72000 0.00000 3.06448 500.00000
87.40000 3.06448 58.06000 20.63000 8.72000 0.00000 3.06448 500.00000
87.50000 3.06625 58.11000 20.69000 8.69000 0.00000 3.06625 500.00000
87.60000 3.06798 58.17000 20.76000 8.67000 0.00000 3.06798 500.00000
87.70000 3.06969 58.22000 20.83000 8.64000 0.00000 3.06969 500.00000
87.70000 3.06969 58.22000 20.83000 8.64000 0.00000 3.06969 500.00000
87.80000 3.07137 58.28000 20.90000 8.62000 0.00000 3.07137 500.00000
87.90000 3.07302 58.33000 20.97000 8.60000 0.00000 3.07302 500.00000
88.00000 3.07464 58.39000 21.04000 8.57000 0.00000 3.07464 500.00000
88.10000 3.07623 58.44000 21.11000 8.55000 0.00000 3.07623 500.00000
88.10000 3.07623 58.44000 21.11000 8.55000 0.00000 3.07623 500.00000
88.20000 3.07778 58.50000 21.18000 8.53000 0.00000 3.07778 500.00000
88.30000 3.07930 58.55000 21.25000 8.50000 0.00000 3.07930 500.00000
88.40000 3.08079 58.60000 21.32000 8.48000 0.00000 3.08079 500.00000
88.40000 3.08079 58.60000 21.32000 8.48000 0.00000 3.08079 500.00000
88.50000 3.08224 58.65000 21.39000 8.46000 0.00000 3.08224 500.00000
88.60000 3.08366 58.71000 21.46000 8.43000 0.00000 3.08366 500.00000
88.60000 3.08366 58.71000 21.46000 8.43000 0.00000 3.08366 500.00000
88.70000 3.08504 58.76000 21.53000 8.41000 0.00000 3.08504 500.00000
88.80000 3.08639 58.81000 21.60000 8.39000 0.00000 3.08639 500.00000
88.90000 3.08770 58.86000 21.67000 8.37000 0.00000 3.08770 500.00000
89.00000 3.08897 58.91000 21.74000 8.34000 0.00000 3.08897 500.00000
89.10000 3.09020 58.96000 21.82000 8.32000 0.00000 3.09020 500.00000
89.20000 3.09139 59.01000 21.89000 8.30000 0.00000 3.09139 500.00000
89.30000 3.09255 59.06000 21.96000 8.28000 0.00000 3.09255 500.00000
89.40000 3.09366 59.11000 22.03000 8.25000 0.00000 3.09366 500.00000
89.50000 3.09473 59.16000 22.10000 8.23000 0.00000 3.09473 500.00000
89.60000 3.09576 59.21000 22.18000 8.21000 0.00000 3.09576 500.00000
89.70000 3.09675 59.26000 22.25000 8.19000 0.00000 3.09675 500.00000
89.80000 3.09770 59.31000 22.32000 8.17000 0.00000 3.09770 500.00000
89.90000 3.09860 59.36000 22.40000 8.15000 0.00000 3.09860 500.00000
90.00000 3.09946 59.40000 22.47000 8.13000 0.00000 3.09946 500.00000
90.10000 3.10027 59.45000 22.54000 8.11000 0.00000 3.10027 500.00000
90.20000 3.10105 59.50000 22.62000 8.08000 0.00000 3.10105 500.00000
90.30000 3.10177 59.54000 22.69000 8.06000 0.00000 3.10177 500.00000
90.40000 3.10245 59.59000 22.77000 8.04000 0.00000 3.10245 500.00000
90.40000 3.10245 59.59000 22.77000 8.04000 0.00000 3.10245 500.00000
90.50000 3.10308 59.64000 22.84000 8.02000 0.00000 3.10308 500.00000
90.60000 3.10367 59.68000 22.92000 8.00000 0.00000 3.10367 500.00000
90.60000 3.10367 59.68000 22.92000 8.00000 0.00000 3.10367 500.00000
90.70000 3.10421 59.73000 22.99000 7.98000 0.00000 3.10421 500.00000
90.80000 3.10470 59.77000 23.07000 7.96000 0.00000 3.10470 500.00000
90.90000 3.10514 59.82000 23.14000 7.94000 0.00000 3.10514 500.00000
90.90000 3.10514 59.82000 23.14000 7.94000 0.00000 3.10514 500.00000
91.00000 3.10553 59.86000 23.22000 7.92000 0.00000 3.10553 500.00000
91.10000 3.10588 59.91000 23.29000 7.90000 0.00000 3.10588 500.00000
91.20000 3.10617 59.95000 23.37000 7.88000 0.00000 3.10617 500.00000
91.30000 3.10642 59.99000 23.44000 7.86000 0.00000 3.10642 500.00000
91.40000 3.10661 60.04000 23.52000 7.84000 0.00000 3.10661 500.00000
91.50000 3.10675 60.08000 23.60000 7.82000 0.00000 3.10675 500.00000
91.60000 3.10684 60.12000 23.67000 7.81000 0.00000 3.10684 500.00000
91.70000 3.10688 60.16000 23.75000 7.79000 0.00000 3.10688 500.00000
91.80000 3.10687 60.21000 23.83000 7.77000 0.00000 3.10687 500.00000
91.90000 3.10680 60.25000 23.90000 7.75000 0.00000 3.10680 500.00000
92.00000 3.10668 60.29000 23.98000 7.73000 0.00000 3.10668 500.00000
92.10000 3.10651 60.33000 24.06000 7.71000 0.00000 3.10651 500.00000
92.20000 3.10628 60.37000 24.14000 7.69000 0.00000 3.10628 500.00000
92.30000 3.10600 60.41000 24.21000 7.68000 0.00000 3.10600 500.00000
92.40000 3.10566 60.45000 24.29000 7.66000 0.00000 3.10566 500.00000
92.50000 3.10527 60.49000 24.37000 7.64000 0.00000 3.10527 500.00000
92.60000 3.10483 60.53000 24.45000 7.62000 0.00000 3.10483 500.00000
92.70000 3.10432 60.57000 24.53000 7.60000 0.00000 3.10432 500.00000
92.80000 3.10377 60.61000 24.61000 7.59000 0.00000 3.10377 500.00000
92.90000 3.10315 60.65000 24.69000 7.57000 0.00000 3.10315 500.00000
93.00000 3.10248 60.68000 24.76000 7.55000 0.00000 3.10248 500.00000
93.10000 3.10175 60.72000 24.84000 7.53000 0.00000 3.10175 500.00000
93.20000 3.10096 60.76000 24.92000 7.52000 0.00000 3.10096 500.00000
93.30000 3.10012 60.80000 25.00000 7.50000 0.00000 3.10012 500.00000
93.40000 3.09922 60.83000 25.08000 7.48000 0.00000 3.09922 500.00000
93.50000 3.09826 60.87000 25.16000 7.47000 0.00000 3.09826 500.00000
93.60000 3.09724 60.91000 25.24000 7.45000 0.00000 3.09724 500.00000
93.70000 3.09616 60.94000 25.32000 7.43000 0.00000 3.09616 500.00000
93.80000 3.09502 60.98000 25.40000 7.42000 0.00000 3.09502 500.00000
93.90000 3.09383 61.02000 25.48000 7.40000 0.00000 3.09383 500.00000
94.00000 3.09257 61.05000 25.57000 7.38000 0.00000 3.09257 500.00000
94.10000 3.09126 61.09000 25.65000 7.37000 0.00000 3.09126 500.00000
94.20000 3.08988 61.12000 25.73000 7.35000 0.00000 3.08988 500.00000
94.30000 3.08845 61.16000 25.81000 7.34000 0.00000 3.08845 500.00000
94.30000 3.08845 61.16000 25.81000 7.34000 0.00000 3.08845 500.00000
94.40000 3.08695 61.19000 25.89000 7.32000 0.00000 3.08695 500.00000
94.50000 3.08540 61.22000 25.97000 7.31000 0.00000 3.08540 500.00000
94.60000 3.08378 61.26000 26.05000 7.29000 0.00000 3.08378 500.00000
94.70000 3.08210 61.29000 26.13000 7.27000 0.00000 3.08210 500.00000
94.80000 3.08036 61.32000 26.22000 7.26000 0.00000 3.08036 500.00000
94.90000 3.07856 61.36000 26.30000 7.24000 0.00000 3.07856 500.00000
95.00000 3.07670 61.39000 26.38000 7.23000 0.00000 3.07670 500.00000
95.10000 3.07478 61.42000 26.46000 7.21000 0.00000 3.07478 500.00000
95.10000 3.07478 61.42000 26.46000 7.21000 0.00000 3.07478 500.00000
95.20000 3.07280 61.45000 26.55000 7.20000 0.00000 3.07280 500.00000
95.20000 3.07280 61.45000 26.55000 7.20000 0.00000 3.07280 500.00000
95.30000 3.07075 61.49000 26.63000 7.18000 0.00000 3.07075 500.00000
95.40000 3.06865 61.52000 26.71000 7.17000 0.00000 3.06865 500.00000
95.50000 3.06648 61.55000 26.79000 7.15000 0.00000 3.06648 500.00000
95.50000 3.06648 61.55000 26.79000 7.15000 0.00000 3.06648 500.00000
95.60000 3.06425 61.58000 26.88000 7.14000 0.00000 3.06425 500.00000
95.70000 3.06196 61.61000 26.96000 7.13000 0.00000 3.06196 500.00000
95.80000 3.05961 61.64000 27.04000 7.11000 0.00000 3.05961 500.00000
95.90000 3.05719 61.67000 27.13000 7.10000 0.00000 3.05719 500.00000
96.00000 3.05472 61.70000 27.21000 7.08000 0.00000 3.05472 500.00000
96.10000 3.05218 61.73000 27.30000 7.07000 0.00000 3.05218 500.00000
96.20000 3.04958 61.76000 27.38000 7.06000 0.00000 3.04958 500.00000
96.20000 3.04958 61.76000 27.38000 7.06000 0.00000 3.04958 500.00000
96.30000 3.04692 61.79000 27.46000 7.04000 0.00000 3.04692 500.00000
96.30000 3.04692 61.79000 27.46000 7.04000 0.00000 3.04692 500.00000
96.40000 3.04420 61.82000 27.55000 7.03000 0.00000 3.04420 500.00000
96.50000 3.04142 61.85000 27.63000 7.02000 0.00000 3.04142 500.00000
96.50000 3.04142 61.85000 27.63000 7.02000 0.00000 3.04142 500.00000
96.60000 3.03857 61.88000 27.72000 7.00000 0.00000 3.03857 500.00000
96.60000 3.03857 61.88000 27.72000 7.00000 0.00000 3.03857 500.00000
96.70000 3.03919 74.31000 8.96000 13.43000 0.00000 3.03919 500.00000
96.70000 3.03919 74.31000 8.96000 13.43000 0.00000 3.03919 500.00000
96.70000 3.03919 74.31000 8.96000 13.43000 0.00000 3.03919 500.00000
96.70000 3.03919 74.31000 8.96000 13.43000 0.00000 3.03919 500.00000
96.70000 3.03919 74.31000 8.96000 13.43000 0.00000 3.03919 500.00000
96.70000 3.03919 74.31000 8.96000 13.43000 0.00000 3.03919 500.00000
96.70000 3.03919 74.31000 8.96000 13.43000 0.00000 3.03919 500.00000
96.70000 3.03919 74.31000 8.96000 13.43000 0.00000 3.03919 500.00000
96.70000 3.03919 74.31000 8.96000 13.43000 0.00000 3.03919 500.00000
96.70000 3.03919 74.31000 8.96000 13.43000 0.00000 3.03919 500.00000
96.70000 3.03919 74.31000 8.96000 13.43000 0.00000 3.03919 500.00000
96.70000 3.03919 74.31000 8.96000 13.43000 0.00000 3.03919 500.00000
96.80000 3.04136 74.45000 9.01000 13.34000 0.00000 3.04136 500.00000
96.80000 3.04136 74.45000 9.01000 13.34000 0.00000 3.04136 500.00000
96.80000 3.04136 74.45000 9.01000 13.34000 0.00000 3.04136 500.00000
96.80000 3.04136 74.45000 9.01000 13.34000 0.00000 3.04136 500.00000
96.80000 3.04136 74.45000 9.01000 13.34000 0.00000 3.04136 500.00000
96.80000 3.04136 74.45000 9.01000 13.34000 0.00000 3.04136 500.00000
96.80000 3.04136 74.45000 9.01000 13.34000 0.00000 3.04136 500.00000
96.80000 3.04136 74.45000 9.01000 13.34000 0.00000 3.04136 500.00000
96.80000 3.04136 74.45000 9.01000 13.34000 0.00000 3.04136 500.00000
96.80000 3.04136 74.45000 9.01000 13.34000 0.00000 3.04136 500.00000
96.90000 3.04343 74.58000 9.07000 13.25000 0.00000 3.04343 500.00000
96.90000 3.04343 74.58000 9.07000 13.25000 0.00000 3.04343 500.00000
96.90000 3.04343 74.58000 9.07000 13.25000 0.00000 3.04343 500.00000
96.90000 3.04343 74.58000 9.07000 13.25000 0.00000 3.04343 500.00000
96.90000 3.04343 74.58000 9.07000 13.25000 0.00000 3.04343 500.00000
96.90000 3.04343 74.58000 9.07000 13.25000 0.00000 3.04343 500.00000
96.90000 3.04343 74.58000 9.07000 13.25000 0.00000 3.04343 500.00000
96.90000 3.04343 74.58000 9.07000 13.25000 0.00000 3.04343 500.00000
96.90000 3.04343 74.58000 9.07000 13.25000 0.00000 3.04343 500.00000
96.90000 3.04343 74.58000 9.07000 13.25000 0.00000 3.04343 500.00000
96.90000 3.04343 74.58000 9.07000 13.25000 0.00000 3.04343 500.00000
96.90000 3.04343 74.58000 9.07000 13.25000 0.00000 3.04343 500.00000
97.00000 3.04541 74.72000 9.12000 13.16000 0.00000 3.04541 500.00000
97.00000 3.04541 74.72000 9.12000 13.16000 0.00000 3.04541 500.00000
97.00000 3.04541 74.72000 9.12000 13.16000 0.00000 3.04541 500.00000
97.00000 3.04541 74.72000 9.12000 13.16000 0.00000 3.04541 500.00000
97.00000 3.04541 74.72000 9.12000 13.16000 0.00000 3.04541 500.00000
97.00000 3.04541 74.72000 9.12000 13.16000 0.00000 3.04541 500.00000
97.00000 3.04541 74.72000 9.12000 13.16000 0.00000 3.04541 500.00000
97.00000 3.04541 74.72000 9.12000 13.16000 0.00000 3.04541 500.00000
97.00000 3.04541 74.72000 9.12000 13.16000 0.00000 3.04541 500.00000
97.00000 3.04541 74.72000 9.12000 13.16000 0.00000 3.04541 500.00000
97.10000 3.04730 74.85000 9.17000 13.08000 0.00000 3.04730 500.00000
97.10000 3.04730 74.85000 9.17000 13.08000 0.00000 3.04730 500.00000
97.10000 3.04730 74.85000 9.17000 13.08000 0.00000 3.04730 500.00000
97.10000 3.04730 74.85000 9.17000 13.08000 0.00000 3.04730 500.00000
97.10000 3.04730 74.85000 9.17000 13.08000 0.00000 3.04730 500.00000
97.10000 3.04730 74.85000 9.17000 13.08000 0.00000 3.04730 500.00000
97.10000 3.04730 74.85000 9.17000 13.08000 0.00000 3.04730 500.00000
97.10000 3.04730 74.85000 9.17000 13.08000 0.00000 3.04730 500.00000
97.10000 3.04730 74.85000 9.17000 13.08000 0.00000 3.04730 500.00000
97.10000 3.04730 74.85000 9.17000 13.08000 0.00000 3.04730 500.00000
97.20000 3.04908 74.98000 9.23000 12.99000 0.00000 3.04908 500.00000
97.20000 3.04908 74.98000 9.23000 12.99000 0.00000 3.04908 500.00000
97.20000 3.04908 74.98000 9.23000 12.99000 0.00000 3.04908 500.00000
97.20000 3.04908 74.98000 9.23000 12.99000 0.00000 3.04908 500.00000
97.20000 3.04908 74.98000 9.23000 12.99000 0.00000 3.04908 500.00000
97.20000 3.04908 74.98000 9.23000 12.99000 0.00000 3.04908 500.00000
97.20000 3.04908 74.98000 9.23000 12.99000 0.00000 3.04908 500.00000
97.20000 3.04908 74.98000 9.23000 12.99000 0.00000 3.04908 500.00000
97.20000 3.04908 74.98000 9.23000 12.99000 0.00000 3.04908 500.00000
97.20000 3.04908 74.98000 9.23000 12.99000 0.00000 3.04908 500.00000
97.30000 3.05077 75.11000 9.28000 12.90000 0.00000 3.05077 500.00000
97.30000 3.05077 75.11000 9.28000 12.90000 0.00000 3.05077 500.00000
97.30000 3.05077 75.11000 9.28000 12.90000 0.00000 3.05077 500.00000
97.30000 3.05077 75.11000 9.28000 12.90000 0.00000 3.05077 500.00000
97.30000 3.05077 75.11000 9.28000 12.90000 0.00000 3.05077 500.00000
97.30000 3.05077 75.11000 9.28000 12.90000 0.00000 3.05077 500.00000
97.40000 3.05236 75.24000 9.34000 12.82000 0.00000 3.05236 500.00000
97.40000 3.05236 75.24000 9.34000 12.82000 0.00000 3.05236 500.00000
97.40000 3.05236 75.24000 9.34000 12.82000 0.00000 3.05236 500.00000
97.40000 3.05236 75.24000 9.34000 12.82000 0.00000 3.05236 500.00000
97.40000 3.05236 75.24000 9.34000 12.82000 0.00000 3.05236 500.00000
97.40000 3.05236 75.24000 9.34000 12.82000 0.00000 3.05236 500.00000
97.40000 3.05236 75.24000 9.34000 12.82000 0.00000 3.05236 500.00000
97.40000 3.05236 75.24000 9.34000 12.82000 0.00000 3.05236 500.00000
97.50000 3.05386 75.37000 9.39000 12.74000 0.00000 3.05386 500.00000
97.50000 3.05386 75.37000 9.39000 12.74000 0.00000 3.05386 500.00000
97.50000 3.05386 75.37000 9.39000 12.74000 0.00000 3.05386 500.00000
97.50000 3.05386 75.37000 9.39000 12.74000 0.00000 3.05386 500.00000
97.50000 3.05386 75.37000 9.39000 12.74000 0.00000 3.05386 500.00000
97.50000 3.05386 75.37000 9.39000 12.74000 0.00000 3.05386 500.00000
97.60000 3.05526 75.50000 9.45000 12.65000 0.00000 3.05526 500.00000
97.60000 3.05526 75.50000 9.45000 12.65000 0.00000 3.05526 500.00000
97.60000 3.05526 75.50000 9.45000 12.65000 0.00000 3.05526 500.00000
97.60000 3.05526 75.50000 9.45000 12.65000 0.00000 3.05526 500.00000
97.60000 3.05526 75.50000 9.45000 12.65000 0.00000 3.05526 500.00000
97.60000 3.05526 75.50000 9.45000 12.65000 0.00000 3.05526 500.00000
97.60000 3.05526 75.50000 9.45000 12.65000 0.00000 3.05526 500.00000
97.60000 3.05526 75.50000 9.45000 12.65000 0.00000 3.05526 500.00000
97.70000 3.05656 75.63000 9.50000 12.57000 0.00000 3.05656 500.00000
97.70000 3.05656 75.63000 9.50000 12.57000 0.00000 3.05656 500.00000
97.70000 3.05656 75.63000 9.50000 12.57000 0.00000 3.05656 500.00000
97.70000 3.05656 75.63000 9.50000 12.57000 0.00000 3.05656 500.00000
97.70000 3.05656 75.63000 9.50000 12.57000 0.00000 3.05656 500.00000
97.70000 3.05656 75.63000 9.50000 12.57000 0.00000 3.05656 500.00000
97.70000 3.05656 75.63000 9.50000 12.57000 0.00000 3.05656 500.00000
97.70000 3.05656 75.63000 9.50000 12.57000 0.00000 3.05656 500.00000
97.80000 3.05777 75.75000 9.56000 12.49000 0.00000 3.05777 500.00000
97.80000 3.05777 75.75000 9.56000 12.49000 0.00000 3.05777 500.00000
97.80000 3.05777 75.75000 9.56000 12.49000 0.00000 3.05777 500.00000
97.80000 3.05777 75.75000 9.56000 12.49000 0.00000 3.05777 500.00000
97.80000 3.05777 75.75000 9.56000 12.49000 0.00000 3.05777 500.00000
97.80000 3.05777 75.75000 9.56000 12.49000 0.00000 3.05777 500.00000
97.80000 3.05777 75.75000 9.56000 12.49000 0.00000 3.05777 500.00000
97.90000 3.05888 75.87000 9.61000 12.41000 0.00000 3.05888 500.00000
97.90000 3.05888 75.87000 9.61000 12.41000 0.00000 3.05888 500.00000
97.90000 3.05888 75.87000 9.61000 12.41000 0.00000 3.05888 500.00000
97.90000 3.05888 75.87000 9.61000 12.41000 0.00000 3.05888 500.00000
97.90000 3.05888 75.87000 9.61000 12.41000 0.00000 3.05888 500.00000
97.90000 3.05888 75.87000 9.61000 12.41000 0.00000 3.05888 500.00000
97.90000 3.05888 75.87000 9.61000 12.41000 0.00000 3.05888 500.00000
98.00000 3.05990 76.00000 9.67000 12.33000 0.00000 3.05990 500.00000
98.00000 3.05990 76.00000 9.67000 12.33000 0.00000 3.05990 500.00000
98.00000 3.05990 76.00000 9.67000 12.33000 0.00000 3.05990 500.00000
98.00000 3.05990 76.00000 9.67000 12.33000 0.00000 3.05990 500.00000
98.00000 3.05990 76.00000 9.67000 12.33000 0.00000 3.05990 500.00000
98.00000 3.05990 76.00000 9.67000 12.33000 0.00000 3.05990 500.00000
98.00000 3.05990 76.00000 9.67000 12.33000 0.00000 3.05990 500.00000
98.00000 3.05990 76.00000 9.67000 12.33000 0.00000 3.05990 500.00000
98.00000 3.05990 76.00000 9.67000 12.33000 0.00000 3.05990 500.00000
98.10000 3.06082 76.12000 9.73000 12.26000 0.00000 3.06082 500.00000
98.10000 3.06082 76.12000 9.73000 12.26000 0.00000 3.06082 500.00000
98.20000 3.06165 76.23000 9.79000 12.18000 0.00000 3.06165 500.00000
98.20000 3.06165 76.23000 9.79000 12.18000 0.00000 3.06165 500.00000
98.20000 3.06165 76.23000 9.79000 12.18000 0.00000 3.06165 500.00000
98.20000 3.06165 76.23000 9.79000 12.18000 0.00000 3.06165 500.00000
98.20000 3.06165 76.23000 9.79000 12.18000 0.00000 3.06165 500.00000
98.30000 3.06238 76.35000 9.84000 12.10000 0.00000 3.06238 500.00000
98.30000 3.06238 76.35000 9.84000 12.10000 0.00000 3.06238 500.00000
98.30000 3.06238 76.35000 9.84000 12.10000 0.00000 3.06238 500.00000
98.40000 3.06302 76.47000 9.90000 12.03000 0.00000 3.06302 500.00000
98.40000 3.06302 76.47000 9.90000 12.03000 0.00000 3.06302 500.00000
98.40000 3.06302 76.47000 9.90000 12.03000 0.00000 3.06302 500.00000
98.40000 3.06302 76.47000 9.90000 12.03000 0.00000 3.06302 500.00000
98.40000 3.06302 76.47000 9.90000 12.03000 0.00000 3.06302 500.00000
98.50000 3.06357 76.59000 9.96000 11.95000 0.00000 3.06357 500.00000
98.50000 3.06357 76.59000 9.96000 11.95000 0.00000 3.06357 500.00000
98.50000 3.06357 76.59000 9.96000 11.95000 0.00000 3.06357 500.00000
98.60000 3.06403 76.70000 10.02000 11.88000 0.00000 3.06403 500.00000
98.60000 3.06403 76.70000 10.02000 11.88000 0.00000 3.06403 500.00000
98.70000 3.06439 76.81000 10.08000 11.81000 0.00000 3.06439 500.00000
98.70000 3.06439 76.81000 10.08000 11.81000 0.00000 3.06439 500.00000
98.70000 3.06439 76.81000 10.08000 11.81000 0.00000 3.06439 500.00000
98.80000 3.06466 76.93000 10.14000 11.73000 0.00000 3.06466 500.00000
98.80000 3.06466 76.93000 10.14000 11.73000 0.00000 3.06466 500.00000
98.80000 3.06466 76.93000 10.14000 11.73000 0.00000 3.06466 500.00000
98.80000 3.06466 76.93000 10.14000 11.73000 0.00000 3.06466 500.00000
98.90000 3.06484 77.04000 10.20000 11.66000 0.00000 3.06484 500.00000
98.90000 3.06484 77.04000 10.20000 11.66000 0.00000 3.06484 500.00000
98.90000 3.06484 77.04000 10.20000 11.66000 0.00000 3.06484 500.00000
99.00000 3.06493 77.15000 10.26000 11.59000 0.00000 3.06493 500.00000
99.00000 3.06493 77.15000 10.26000 11.59000 0.00000 3.06493 500.00000
99.00000 3.06493 77.15000 10.26000 11.59000 0.00000 3.06493 500.00000
99.00000 3.06493 77.15000 10.26000 11.59000 0.00000 3.06493 500.00000
99.10000 3.06492 77.26000 10.32000 11.52000 0.00000 3.06492 500.00000
99.10000 3.06492 77.26000 10.32000 11.52000 0.00000 3.06492 500.00000
99.10000 3.06492 77.26000 10.32000 11.52000 0.00000 3.06492 500.00000
99.20000 3.06483 77.36000 10.38000 11.45000 0.00000 3.06483 500.00000
99.30000 3.06465 77.47000 10.44000 11.39000 0.00000 3.06465 500.00000
99.30000 3.06465 77.47000 10.44000 11.39000 0.00000 3.06465 500.00000
99.40000 3.06438 77.58000 10.51000 11.32000 0.00000 3.06438 500.00000
99.40000 3.06438 77.58000 10.51000 11.32000 0.00000 3.06438 500.00000
99.50000 3.06403 77.68000 10.57000 11.25000 0.00000 3.06403 500.00000
99.50000 3.06403 77.68000 10.57000 11.25000 0.00000 3.06403 500.00000
99.60000 3.06358 77.78000 10.63000 11.19000 0.00000 3.06358 500.00000
99.60000 3.06358 77.78000 10.63000 11.19000 0.00000 3.06358 500.00000
99.60000 3.06358 77.78000 10.63000 11.19000 0.00000 3.06358 500.00000
99.70000 3.06305 77.89000 10.69000 11.12000 0.00000 3.06305 500.00000
99.70000 3.06305 77.89000 10.69000 11.12000 0.00000 3.06305 500.00000
99.80000 3.06243 77.99000 10.76000 11.06000 0.00000 3.06243 500.00000
99.80000 3.06243 77.99000 10.76000 11.06000 0.00000 3.06243 500.00000
99.90000 3.06173 78.09000 10.82000 10.99000 0.00000 3.06173 500.00000
99.90000 3.06173 78.09000 10.82000 10.99000 0.00000 3.06173 500.00000
100.00000 3.06094 78.19000 10.88000 10.93000 0.00000 3.06094 500.00000
100.00000 3.06094 78.19000 10.88000 10.93000 0.00000 3.06094 500.00000
